"3-level (7x7)	maxabs"
4 1 2
7 7 3 3
	  1    1    1    0   -1   -1   -1 
	  1    1    1    0   -1   -1   -1 
	  1    1    1    0   -1   -1   -1 
	  1    1    1    0   -1   -1   -1 
	  1    1    1    0   -1   -1   -1 
	  1    1    1    0   -1   -1   -1 
	  1    1    1    0   -1   -1   -1  

7 7 3 3
	  1    1    1    1    1    1    0 
	  1    1    1    1    1    0   -1 
	  1    1    1    1    0   -1   -1 
	  1    1    1    0   -1   -1   -1
	  1    1    0   -1   -1   -1   -1 
	  1    0   -1   -1   -1   -1   -1 
	  0   -1   -1   -1   -1   -1   -1  

7 7 3 3
	  1    1    1    1    1    1    1 
	  1    1    1    1    1    1    1 
	  1    1    1    1    1    1    1 
	  0    0    0    0    0    0    0
	 -1   -1   -1   -1   -1   -1   -1 
	 -1   -1   -1   -1   -1   -1   -1 
	 -1   -1   -1   -1   -1   -1   -1  

7 7 3 3
	  0    1    1    1    1    1    1 
	 -1    0    1    1    1    1    1 
	 -1   -1    0    1    1    1    1 
	 -1   -1   -1    0    1    1    1
	 -1   -1   -1   -1    0    1    1 
	 -1   -1   -1   -1   -1    0    1 
	 -1   -1   -1   -1   -1   -1    0  
