"3-level (9x9)	maxabs"
4 1 2
9 9 4 4
	  1   1   1   1   0  -1  -1  -1  -1 
	  1   1   1   1   0  -1  -1  -1  -1 
	  1   1   1   1   0  -1  -1  -1  -1 
	  1   1   1   1   0  -1  -1  -1  -1 
	  1   1   1   1   0  -1  -1  -1  -1 
	  1   1   1   1   0  -1  -1  -1  -1 
	  1   1   1   1   0  -1  -1  -1  -1 
	  1   1   1   1   0  -1  -1  -1  -1 
	  1   1   1   1   0  -1  -1  -1  -1  

9 9 4 4
	  1   1   1   1   1   1   1   1   0 
	  1   1   1   1   1   1   1   0  -1 
	  1   1   1   1   1   1   0  -1  -1 
	  1   1   1   1   1   0  -1  -1  -1 
	  1   1   1   1   0  -1  -1  -1  -1
	  1   1   1   0  -1  -1  -1  -1  -1 
	  1   1   0  -1  -1  -1  -1  -1  -1 
	  1   0  -1  -1  -1  -1  -1  -1  -1 
	  0  -1  -1  -1  -1  -1  -1  -1  -1  

9 9 4 4
	  1   1   1   1   1   1   1   1   1 
	  1   1   1   1   1   1   1   1   1 
	  1   1   1   1   1   1   1   1   1 
	  1   1   1   1   1   1   1   1   1 
	  0   0   0   0   0   0   0   0   0
	 -1  -1  -1  -1  -1  -1  -1  -1  -1 
	 -1  -1  -1  -1  -1  -1  -1  -1  -1 
	 -1  -1  -1  -1  -1  -1  -1  -1  -1 
	 -1  -1  -1  -1  -1  -1  -1  -1  -1  

9 9 4 4
	  0   1   1   1   1   1   1   1   1 
	 -1   0   1   1   1   1   1   1   1 
	 -1  -1   0   1   1   1   1   1   1 
	 -1  -1  -1   0   1   1   1   1   1 
	 -1  -1  -1  -1   0   1   1   1   1
	 -1  -1  -1  -1  -1   0   1   1   1 
	 -1  -1  -1  -1  -1  -1   0   1   1 
	 -1  -1  -1  -1  -1  -1  -1   0   1 
	 -1  -1  -1  -1  -1  -1  -1  -1   0  
