"pyramid (7x7)	maxabs"
4 1 2
7 7 3 3
	  3    3    3    0   -3   -3   -3 
	  3    2    2    0   -2   -2   -3 
	  3    2    1    0   -1   -2   -3 
	  3    2    1    0   -1   -2   -3
	  3    2    1    0   -1   -2   -3 
	  3    2    2    0   -2   -2   -3 
	  3    3    3    0   -3   -3   -3  

7 7 3 3
	  3    3    3    3    3    3    0 
	  3    2    2    2    2    0   -3 
	  3    2    1    1    0   -2   -3 
	  3    2    1    0   -1   -2   -3
	  3    2    0   -1   -1   -2   -3 
	  3    0   -2   -2   -2   -2   -3 
	  0   -3   -3   -3   -3   -3   -3  

7 7 3 3
	  3    3    3    3    3    3    3 
	  3    2    2    2    2    2    3 
	  3    2    1    1    1    2    3 
	  0    0    0    0    0    0    0
	 -3   -2   -1   -1   -1   -2   -3 
	 -3   -2   -2   -2   -2   -2   -3 
	 -3   -3   -3   -3   -3   -3   -3  

7 7 3 3
	  0    3    3    3    3    3    3 
	 -3    0    2    2    2    2    3 
	 -3   -2    0    1    1    2    3 
	 -3   -2   -1    0    1    2    3
	 -3   -2   -1   -1    0    2    3 
	 -3   -2   -2   -2   -2    0    3 
	 -3   -3   -3   -3   -3   -3    0
