"Prewitt (7x7)	mean-square"
2 2 2

7 7 3 3
	  1    1    1    0   -1   -1   -1 
	  1    1    1    0   -1   -1   -1 
	  1    1    1    0   -1   -1   -1 
	  1    1    1    0   -1   -1   -1 
	  1    1    1    0   -1   -1   -1 
	  1    1    1    0   -1   -1   -1 
	  1    1    1    0   -1   -1   -1  

7 7 3 3
	  1    1    1    1    1    1    1 
	  1    1    1    1    1    1    1 
	  1    1    1    1    1    1    1 
	  0    0    0    0    0    0    0
	 -1   -1   -1   -1   -1   -1   -1 
	 -1   -1   -1   -1   -1   -1   -1 
	 -1   -1   -1   -1   -1   -1   -1  
