"Prewitt (9x9)	sumabs"
2 3 2
9 9 4 4
	  1   1   1   1   0  -1  -1  -1  -1 
	  1   1   1   1   0  -1  -1  -1  -1 
	  1   1   1   1   0  -1  -1  -1  -1 
	  1   1   1   1   0  -1  -1  -1  -1 
	  1   1   1   1   0  -1  -1  -1  -1 
	  1   1   1   1   0  -1  -1  -1  -1 
	  1   1   1   1   0  -1  -1  -1  -1 
	  1   1   1   1   0  -1  -1  -1  -1 
	  1   1   1   1   0  -1  -1  -1  -1  

9 9 4 4
	  1   1   1   1   1   1   1   1   1 
	  1   1   1   1   1   1   1   1   1 
	  1   1   1   1   1   1   1   1   1 
	  1   1   1   1   1   1   1   1   1 
	  0   0   0   0   0   0   0   0   0
	 -1  -1  -1  -1  -1  -1  -1  -1  -1 
	 -1  -1  -1  -1  -1  -1  -1  -1  -1 
	 -1  -1  -1  -1  -1  -1  -1  -1  -1 
	 -1  -1  -1  -1  -1  -1  -1  -1  -1  
