"(5x5x5 -- Balance Ball)	Gaussian"
5 2 1
5
-2	1	1	-0	1	1
	1	-0	-1	-0	1
	-0	-1	-2	-1	-0
	1	-0	-1	-0	1
	1	1	-0	1	1

-1	1	-0	-1	-0	1
	-0	-1	-2	-1	-0
	-1	-2	-1	-2	-1
	-0	-1	-2	-1	-0
	1	-0	-1	-0	1

0	-0	-1	-2	-1	-0
	-1	-2	-1	-2	-1
	-2	-1	48	-1	-2
	-1	-2	-1	-2	-1
	-0	-1	-2	-1	-0

1	1	-0	-1	-0	1
	-0	-1	-2	-1	-0
	-1	-2	-1	-2	-1
	-0	-1	-2	-1	-0
	1	-0	-1	-0	1

2	1	1	-0	1	1
	1	-0	-1	-0	1
	-0	-1	-2	-1	-0
	1	-0	-1	-0	1
	1	1	-0	1	1

5
-2	1	1	-0	1	1
	1	-0	-1	-0	1
	-0	-1	-4	-1	-0
	1	-0	-1	-0	1
	1	1	-0	1	1

-1	1	-0	-1	-0	1
	-0	-1	-4	-1	-0
	-1	-4	-1	-4	-1
	-0	-1	-4	-1	-0
	1	-0	-1	-0	1

0	-0	-1	-4	-1	-0
	-1	-4	-1	-4	-1
	-4	-1	78	-1	-4
	-1	-4	-1	-4	-1
	-0	-1	-4	-1	-0

1	1	-0	-1	-0	1
	-0	-1	-4	-1	-0
	-1	-4	-1	-4	-1
	-0	-1	-4	-1	-0
	1	-0	-1	-0	1

2	1	1	-0	1	1
	1	-0	-1	-0	1
	-0	-1	-4	-1	-0
	1	-0	-1	-0	1
	1	1	-0	1	1
